46
1
1 7
2
2 1 2
5 2 3

2
3 7
2
6 2 2
1 3 2

3
5 7
2
4 1 2
7 2 2

4
7 7
2
8 2 3
3 3 2

5
1 4
0

6
3 5
4
2 0 2
7 1 2
9 2 2
5 3 3

7
5 5
4
3 0 2
8 1 3
10 2 2
6 3 2

8
7 4
0

9
3 3
4
6 0 2
10 1 2
12 2 2
5 3 3

10
5 3
4
7 0 2
8 1 3
13 2 2
9 3 2

11
1 1
2
5 0 3
12 1 2

12
3 1
2
9 0 2
11 3 2

13
5 1
2
10 0 2
14 1 2

14
7 1
2
8 0 3
13 3 2

15
1 7
2
16 1 2
29 2 2

16
3 7
2
20 2 2
15 3 2

17
5 7
2
18 1 2
21 2 2

18
7 7
2
22 2 2
17 3 2

19
1 5
2
15 0 2
20 1 2

20
3 5
4
16 0 2
21 1 2
24 2 2
19 3 2

21
5 5
4
17 0 2
22 1 2
25 2 2
20 3 2

22
7 5
2
18 0 2
21 3 2

23
1 3
2
24 1 2
27 2 2

24
3 3
4
20 0 2
25 1 2
28 2 2
23 3 2

25
5 3
4
21 0 2
26 1 2
29 2 2
24 3 2

26
7 3
2
30 2 2
25 3 2

27
1 1
2
23 0 2
28 1 2

28
3 1
2
24 0 2
27 3 2

29
5 1
2
25 0 2
30 1 2

30
7 1
2
26 0 2
29 3 2

31
1 7
0

32
3 7
2
36 2 2
31 3 2

33
5 7
2
34 1 2
37 2 2

34
7 7
0

35
1 5
2
31 0 2
36 1 2

36
3 5
4
32 0 2
37 1 2
40 2 2
35 3 2

37
5 5
4
33 0 2
38 1 2
41 2 2
36 3 2

38
7 5
2
34 0 2
37 3 2

39
1 3
2
40 1 2
43 2 2

40
3 3
4
36 0 2
41 1 2
44 2 2
39 3 2

41
5 3
4
37 0 2
42 1 2
45 2 2
40 3 2

42
7 3
2
46 2 2
41 3 2

43
1 1
0

44
3 1
2
40 0 2
43 3 2

45
5 1
2
41 0 2
46 1 2

46
7 1
0

14
1 4 5 8 11 14 15 18 27 30 31 34 43 46