17 0 0 0 2
12 0 3 0 0
15 0 4 5 0
14 0 0 7 6
16 9 10 11 8
11 0 12 13 0
10 0 0 15 14
13 17 18 19 16
1c 21 22 23 20
1f 24 25 0 0
1e 27 0 0 26
19 29 30 31 28
1b 32 33 0 0
1a 35 0 0 34
25 0 36 37 0
24 0 0 39 38
27 40 41 0 0
26 43 44 45 42
21 0 46 47 0
20 0 0 49 48
23 51 52 53 50
22 55 0 0 54
2d 0 56 57 0
2c 59 60 61 58
2f 62 63 0 0
2e 65 0 0 64
29 67 68 69 66
28 0 0 71 70
2b 72 73 0 0
2a 75 0 0 74
34 0 0 77 76
37 78 79 0 0
36 81 82 83 80
31 0 84 85 0
33 87 88 89 86
32 91 0 0 90
3d 0 92 93 0
3c 95 96 97 94
3e 99 0 0 98
39 101 102 103 100
38 0 0 105 104
3b 106 107 0 0